1851 2011
1851   2.069   0.381   1.741  -3.190  -3.005  -3.630  -5.371  -4.089  -4.666  -1.584  -2.177  -1.474
1852   0.528   0.620  -1.700  -2.027  -0.323  -2.118  -3.497  -1.765  -3.934  -2.230  -1.417  -0.025
1853  -0.328  -3.188  -0.474   0.690  -2.360  -1.624  -1.165  -2.014  -2.256  -2.771  -1.117  -2.885
1854   0.652   1.258   2.111  -1.286  -1.992  -2.304  -2.806  -3.271  -1.518   1.018  -2.109   0.477
1855  -3.547  -4.080  -0.106  -1.345  -2.425  -0.652  -1.458  -2.101  -1.751  -1.450  -3.002  -2.402
1856  -3.224  -0.496  -3.455  -1.481  -0.486  -0.827  -1.598  -3.843  -1.996   0.375  -0.442  -1.176
1857   0.179   1.386   1.975  -0.281  -3.445  -1.714  -0.444  -2.828  -1.448  -0.685  -2.576   1.847
1858   0.914  -1.930  -0.724  -0.122  -0.183  -1.123  -1.935  -1.540  -0.602  -2.727  -4.441   1.533
1859   1.135   1.779   1.631  -0.597  -1.322   0.536  -1.536  -0.647  -1.189  -2.346   0.338  -1.106
1860   1.534   0.946   1.919   0.410   0.529  -1.635  -2.394  -1.654  -2.177   1.252  -3.902  -4.090
1861  -1.773   0.770   1.756  -2.632  -2.346  -1.617  -0.119  -1.021  -1.096  -1.920  -0.428  -1.630
1862   0.935  -1.013  -2.399  -0.663   0.466  -2.246  -2.439  -2.103  -2.519   0.134  -1.189   1.343
1863   0.187   1.769   2.197   0.376  -1.883  -0.920  -1.407  -0.616  -0.390  -1.243   0.514   0.821
1864   0.924   0.092  -1.452  -0.388  -2.430  -1.243  -2.733  -3.590  -0.707  -6.312  -0.016  -1.621
1865   0.265  -0.509   0.350  -1.910  -0.980  -1.469  -0.966  -0.846  -0.856  -1.789  -0.212   1.077
1866   1.228   0.615  -0.613   0.372  -0.861   0.105  -0.467  -2.094  -0.233  -0.868   0.883   0.445
1867  -2.931   2.468  -2.472   2.075  -2.401  -1.193  -1.009  -0.994  -0.276   0.585  -1.994  -0.256
1868   1.050   2.227   1.970   0.642  -0.709  -1.491  -1.598  -1.078  -4.728   1.522  -0.849   0.110
1869   1.487   2.136   0.390  -0.052  -2.108  -2.711  -2.488  -2.428  -0.534  -1.274  -0.592  -2.401
1870  -0.972  -3.463  -2.900   0.210   0.763  -2.527  -3.693  -4.058   0.237   1.141  -2.249  -3.778
1871  -0.484   0.050  -0.365  -1.582  -4.120  -1.472   0.611  -0.669  -2.441  -0.670  -3.144   1.038
1872   0.813  -0.229  -1.341  -1.281   0.692   0.042  -1.728  -1.418  -2.094  -0.788   0.630  -0.529
1873   1.334   0.425  -0.373  -2.110  -0.654  -0.671  -0.121   0.781  -0.414  -1.340  -1.934   0.787
1874   1.632   1.660   2.053   2.720  -1.980  -0.034   0.480  -0.630   1.200   1.639   0.158  -1.413
1875   1.428  -0.855   0.173   0.815   2.447   2.599  -1.979  -0.603  -1.228  -0.794  -3.024  -0.602
1876  -0.045  -0.446  -0.334  -1.175  -2.137   1.384   0.087  -1.264  -2.701  -2.444  -3.280  -2.709
1877   0.830   1.125  -0.225  -2.402  -1.937  -0.334   0.741  -2.306  -3.579   1.787   1.996   1.464
1878   0.197   0.631  -0.574  -1.309   0.318  -0.831  -1.573  -2.475  -0.374  -1.188  -3.343  -4.201
1879  -1.092   0.242   0.195  -0.056   0.868   0.370  -0.685  -0.473   2.985  -1.063  -3.367   0.553
1880   0.183   1.101  -0.135   0.496  -2.183   1.221  -0.774  -1.646   0.517  -3.648   1.294  -0.690
1881  -4.886  -1.573  -1.181  -2.732   0.776   0.090   0.380  -0.295  -0.499  -1.660   3.049   2.418
1882   1.709   1.594   3.108  -0.961  -2.121  -0.764   0.939   0.453   1.017   0.830   1.832  -2.205
1883   0.812   2.651  -3.298   0.312  -0.902  -0.291  -0.456   1.466   0.675   2.291   2.383   0.479
1884   1.747   0.293  -0.314  -3.762   0.357   0.284  -1.691   0.151   0.532   0.516  -1.223   1.138
1885  -1.565  -1.140  -1.888  -0.481  -0.399  -0.636  -0.298  -3.838   1.072   0.292  -0.848  -0.411
1886  -1.279  -0.721   0.226  -1.316  -0.630   0.285  -0.681   1.237  -0.199  -0.181   0.578  -1.065
1887   0.712   0.445  -2.386  -3.229  -1.833  -2.588  -1.111  -3.146  -2.516  -1.080  -3.162  -2.262
1888  -1.057  -1.904  -1.477  -1.765   0.165  -0.732   0.275   1.501  -1.055  -0.653   1.660   0.641
1889   0.129  -0.340   0.232   0.567   0.584   1.569  -1.440   1.967  -2.137  -0.677   2.029   1.676
1890   2.895  -1.540   0.527   0.119  -0.776   1.298   0.091   0.481   1.232   0.960   2.150  -3.035
1891   0.027   1.286  -1.751  -1.326  -1.555  -4.185  -0.706   0.660   2.187   0.211  -1.746   2.463
1892  -1.115  -2.125  -1.818  -0.797  -0.709   0.236   0.634   0.204   1.731  -2.792   0.716  -1.223
1893  -2.549   1.224  -0.588  -1.482  -0.817  -1.883  -1.947  -1.325  -1.207   0.353  -2.142   1.441
1894   0.427   2.593   0.537   0.791  -1.934   0.880  -0.440  -1.145  -2.761  -2.441   1.519   0.336
1895  -3.369  -5.066   0.005  -1.375   0.360  -0.629   0.608   0.339   0.041  -2.651   0.425  -0.810
1896  -0.815   1.318   1.616   1.367  -1.500  -1.726  -0.188  -3.063  -0.179  -2.125  -0.403   1.294
1897  -3.239   1.863   2.056   2.730  -1.182  -2.316  -0.552   1.537   0.581  -1.003  -0.670   0.932
1898   1.304   1.043  -2.250   2.078  -1.020  -1.026  -1.983   1.607  -0.234  -0.641  -0.755   2.208
1899  -0.377  -1.233  -1.705   0.504  -1.255  -0.847   0.114  -2.392  -0.253  -0.766   1.507  -1.458
1900   1.048  -3.103  -2.876   1.574  -0.546  -0.080  -0.946  -0.518   0.969   0.128   0.890   2.657
1901  -0.004  -2.970  -1.373   1.098  -1.160  -0.059  -2.114  -0.654   0.421   0.504  -1.717  -1.206
1902   0.328  -2.652   0.358  -2.194   1.133  -3.331  -1.187  -0.012  -0.219   0.670   0.149   1.167
1903   0.630   3.311   4.485  -0.968   0.284  -2.530  -0.241   1.423  -0.248  -0.021   1.101  -1.401
1904   1.698   0.485  -0.356   2.517   2.085  -0.213   1.157  -0.469  -0.247   0.311  -0.574  -0.023
1905   0.978   1.407   2.602  -0.986   0.211  -0.881   0.627   1.072   0.947  -2.171  -0.040   1.219
1906   2.337   1.116  -0.439   1.056  -2.648  -1.467   1.393   0.059  -0.452   1.504   0.625   0.354
1907   1.035   0.910   3.040   1.064  -1.822   1.949  -0.973   0.575  -0.293  -0.887  -0.702   0.499
1908  -0.073   1.503   1.497  -0.985   2.252   0.373   0.274   0.425   1.425   0.347  -0.223   1.439
1909   1.038  -0.730  -2.437   0.134  -1.994  -1.010   1.567   1.478  -1.429   1.401  -2.162  -1.633
1910   2.060   2.972   0.944  -0.127  -0.131  -0.195  -0.959  -0.222  -1.351  -0.902  -0.807  -0.535
1911   0.415   1.213  -1.345  -0.509   0.749  -0.642  -1.960  -0.588   1.014  -1.468   0.097   2.441
1912  -1.510  -1.488   2.459   0.181   2.118   1.011  -0.645   0.511  -2.384   1.473   1.642   2.880
1913   1.032   0.819   2.819   1.834   0.940   1.880  -0.997   0.256  -2.691  -1.662   4.122   0.689
1914   0.083   1.198   1.910   1.220   2.315   0.058  -1.073   0.338  -0.094  -0.519  -1.199   1.509
1915  -0.176   0.500  -2.996   2.713  -2.409  -1.065  -0.058  -0.254  -0.209   1.262  -2.005  -1.507
1916   3.262   1.551  -4.019   1.222   0.180  -1.526   0.097   0.104  -1.843   3.333   0.552  -2.207
1917  -2.922  -1.319   0.729  -0.456  -0.198   1.940  -0.481   0.662   2.327   2.170   1.675  -2.909
1918  -2.539   2.225   0.335  -1.051   0.604  -0.040  -1.953  -1.381  -0.008   0.150  -0.478   0.907
1919  -1.000  -2.146  -0.712   0.240   1.604   1.946  -1.771   2.441  -0.350  -1.090  -2.046   2.646
1920   2.583   0.453   3.454  -0.150   0.896  -0.503   2.799  -0.018   0.835  -0.045   1.718  -0.860
1921   2.170  -0.530   2.789   0.234   0.830  -0.898  -0.527   0.002  -0.453   0.276  -0.887   2.185
1922   0.115   2.159  -0.045   1.159   1.901   1.751   2.399   0.487   0.322  -4.031   0.391   1.031
1923   1.444   1.641   0.347  -1.498   0.260   0.082   1.993   0.916   2.465   1.845  -1.407   1.344
1924   0.039  -1.889  -3.046  -1.444  -0.559  -0.898   1.926   0.977   1.054   1.363  -0.033   3.596
1925   2.832   1.170  -1.750   2.313   2.085  -1.625   0.883   1.223   0.171  -0.345  -1.769  -1.822
1926   1.048   0.770   0.549   1.870  -0.257  -0.354   0.322   1.532   0.981  -3.166   0.606  -0.448
1927   1.940   0.556   2.828   1.857  -1.864  -0.891   1.554   1.157   0.063  -1.070  -0.218  -3.429
1928   3.057   2.535  -1.018   0.217  -2.447  -2.476   1.379  -0.810  -1.059   1.894   2.086   0.694
1929  -2.058  -0.130  -0.498  -3.656   1.770   0.583   0.086   0.117   0.905   1.080   1.473   3.152
1930   0.823  -0.479  -0.425  -1.823   2.962   1.511  -0.069   1.334  -0.917   1.298   0.747   0.811
1931  -0.358   1.054  -2.645   0.128   0.117  -0.623   1.000  -0.871  -2.167   0.187   2.563   0.605
1932   2.213  -3.260  -1.729   0.403  -0.657  -1.313  -0.291   0.885  -1.009   0.949   0.707  -0.132
1933   1.133  -1.726   1.235   0.331   0.003   0.484   1.780   1.666  -0.455  -1.360  -1.803  -1.396
1934   2.845   0.292   0.943  -1.926   2.146  -1.629  -1.015   1.852   3.113   1.306  -0.784   0.434
1935  -0.551   2.015   0.710   0.035  -2.870   1.966   1.604  -0.410   1.311   2.279   1.203  -1.535
1936  -2.435  -2.590  -1.646  -1.796  -1.449   1.455   2.120   0.728   0.016   1.445   0.469   2.171
1937   1.156   1.131  -2.253   1.342   2.409   1.355   0.480  -0.204   0.433  -2.220  -2.106  -1.288
1938   2.034  -0.095   2.894  -1.900   0.560   2.630   2.115  -0.422   0.685   3.038   3.081  -0.166
1939  -1.751   2.249   0.616   0.298  -0.014  -1.021  -0.470   0.620  -3.498  -1.969   1.475  -1.721
1940  -2.696  -1.199  -0.520   0.103   0.636  -0.523  -0.006   0.006  -0.381  -1.810   1.373   0.940
1941  -3.855  -0.858  -0.809  -2.408   0.335   1.212   1.323   0.742  -0.147  -0.082   0.559   1.117
1942   0.760  -2.880  -1.423  -1.157   1.455  -2.408   0.622   0.769   0.930   0.519  -1.664   1.313
1943   0.438   2.321  -0.067   3.483   2.785   2.797   0.622  -0.571   0.338   0.873   0.773  -0.245
1944   2.560  -1.164  -0.384   0.813   0.997  -2.329  -0.955   0.374   0.394   0.387   0.654   0.135
1945  -2.649   3.364   2.290   0.332   0.265  -0.335  -0.090  -0.759   1.325  -0.766  -2.253  -0.812
1946   1.174   0.328  -0.426   0.114  -3.262   3.021   0.611   0.634   1.481  -1.728  -1.318   1.261
1947  -0.372  -4.834  -2.198   5.015  -0.537   1.100   1.048  -0.564   1.123  -0.010  -0.477  -1.109
1948   0.578   0.031   3.189  -0.254  -1.299   0.201   0.236   0.445   0.637   1.142   1.552   0.302
1949   0.894   2.895  -0.864   2.364  -0.926  -1.015  -1.503  -0.066  -2.021   1.708   0.672  -0.133
1950   0.076   2.266   0.788   1.301  -2.709   0.411   0.182   0.818   2.322   1.478   0.584  -2.065
1951   0.458   0.434  -2.044  -0.449  -1.863  -1.752   0.526   1.502   0.867   0.940  -1.057   2.587
1952   0.900  -0.226  -1.195   2.153  -1.520   0.809  -0.156  -0.826  -1.771   1.261  -1.498  -0.529
1953  -0.920   0.097   1.127  -2.060  -0.085  -0.928   1.390   1.600   0.673   1.103   2.576  -0.458
1954  -0.068   0.514   0.119   0.263   0.209   1.176   1.772   0.119   2.982   2.346   0.980   1.202
1955  -2.018  -2.307  -2.805   2.064   1.556  -0.154  -0.424   0.159   1.745  -1.944  -2.334   0.025
1956  -1.367  -2.557  -0.286  -2.307   4.575   1.243  -0.239  -1.696  -0.869   1.145   1.098   2.042
1957   1.964   0.085   0.010  -0.470  -0.838  -1.507  -1.506  -0.100  -1.158   1.764  -1.270  -0.302
1958  -0.093  -0.853  -1.367   1.243   0.455  -1.861  -0.328  -0.277   0.253   1.876   0.901  -2.375
1959  -2.346   1.750   1.805   1.320  -2.145   2.720   0.055  -0.765  -0.978   1.619  -0.307   1.957
1960  -1.329  -2.056  -0.953   2.141   0.559   0.642   1.136  -1.613   0.383  -3.256   1.002   0.861
1961   1.135   2.610   1.664   0.510  -0.870   3.114  -0.028   1.334   1.720   1.558  -1.967  -3.002
1962   1.683   0.309  -4.122   0.789   1.087   1.225  -0.536   1.930   0.268  -0.403  -1.587  -0.824
1963  -5.628  -1.938   2.951  -0.618   4.127  -1.497   0.368  -0.078   1.384   2.885  -0.899  -3.946
1964  -0.237  -0.857  -0.724   1.043   3.368  -1.481   2.273  -2.935  -0.390   1.344   1.028  -1.224
1965  -0.624  -3.157  -0.188   2.627   0.186   1.843  -0.334   0.979  -0.820  -1.709  -2.072   1.013
1966  -2.079  -1.477   1.461   0.306   2.640   1.793  -1.036  -1.248  -1.251  -2.582   0.098   1.737
1967  -0.873   0.972   3.024  -1.065   0.006   1.425   0.595  -0.070   0.106   1.534  -1.075  -0.664
1968   0.906  -2.218   0.600  -1.193  -1.574   0.424  -2.817  -1.878   0.773  -0.515  -2.415  -2.188
1969  -2.530  -3.561  -2.145   1.236  -0.918  -0.604   2.103  -0.850   0.663   0.786  -0.867  -0.121
1970  -2.516   0.866  -1.167   2.504   1.136  -0.343  -0.163  -0.431  -0.205  -0.077  -0.333  -2.357
1971  -1.062   0.842  -0.989  -3.226   0.805  -1.059  -1.362   1.291  -0.458   1.716  -0.416   0.684
1972  -0.502  -0.474   0.641   1.184   2.657   2.778   0.225  -0.569  -4.112  -1.494   1.123   1.964
1973   1.102   1.414   1.720  -1.945  -0.311   1.180  -0.998   1.104   0.595  -0.462  -0.282  -1.132
1974   3.467   0.716  -0.076  -1.544   0.955  -0.165   1.029   0.953   1.861   0.620   1.496   2.845
1975   2.070  -0.137  -0.461   0.147  -1.907   0.107   0.732  -0.022   2.159   0.800   1.467  -1.544
1976   0.482   0.898   2.293  -0.958   2.748   1.514  -0.498   0.104  -2.861   0.293   1.758  -3.782
1977  -2.465  -0.139   1.753   1.552  -0.560  -0.669  -0.565  -0.803   0.300   0.522   0.701  -1.127
1978   0.480  -2.226   3.929  -1.880   1.678   1.469   0.302  -0.116   1.235   0.657   3.640  -2.767
1979  -3.352  -0.652   1.358   0.091   1.539   0.845   0.704  -0.516   1.450  -1.429   2.461   2.330
1980  -1.856   0.555  -0.173  -0.094  -1.745   0.590  -0.744   0.187   1.477  -0.170  -1.699   1.927
1981   1.005   0.919   0.487  -2.075   0.915  -1.365   0.418   0.004   0.683  -0.154   0.967  -2.684
1982  -1.132   1.877   2.793  -1.087   1.469  -0.652   0.473   0.832   0.943   1.757   1.971   3.010
1983   4.194  -1.226   2.281  -1.314   0.241   0.574   0.136   0.159  -0.284   2.285  -2.370  -0.087
1984   2.725   1.637  -1.973  -0.343  -1.127  -0.112   0.411   0.031   0.056   2.365  -0.608   1.642
1985  -3.080  -0.705   1.167   0.185  -0.658  -0.244   0.975   2.348  -0.056   1.026  -1.927  -0.878
1986   1.535  -3.527   3.858  -0.369   3.477  -0.261  -0.220  -1.522  -1.138   3.191   3.230   3.365
1987  -2.483  -0.245   0.874   1.795  -0.696  -0.202  -1.572  -2.918   0.589  -0.280   0.284  -1.332
1988   0.495  -0.047   1.622  -1.421  -0.177  -2.854   1.333   1.323   0.868  -1.635  -1.617   1.843
1989   3.112   2.864   3.092  -0.217   1.350  -0.568  -1.088   1.248  -0.336   0.770  -2.788  -3.100
1990   3.361   4.086   3.006   1.451  -1.638  -0.326  -0.367   1.215  -1.388  -0.423  -0.696   0.622
1991   1.568  -0.103  -1.116   1.455  -0.012  -1.079  -1.389   1.019  -0.667  -0.944   2.004   0.856
1992   0.281   2.500   2.579   1.491   0.552  -1.288  -0.029   2.539   1.306  -1.811   4.578   0.245
1993   3.413  -0.004   1.603   0.818  -3.124  -0.532  -1.096  -0.740  -1.227  -3.679   1.453   2.834
1994   1.376  -0.104   4.262   2.045  -0.895   2.595   0.672  -1.141  -0.855  -1.099   1.215   2.818
1995   2.260   2.396   1.319  -2.385  -0.717  -4.881  -2.197  -2.379  -0.999   0.781  -3.003  -3.977
1996  -3.714   0.255  -2.242   0.074  -1.929   0.900   0.319   0.301  -1.385   2.375   0.090  -5.041
1997  -2.318   4.326   2.254  -1.158  -1.902  -3.709  -0.372   0.704  -0.869  -1.689  -0.768  -0.194
1998  -0.522   1.309   1.412  -0.124  -1.608  -0.932  -1.123  -0.300  -2.825   2.025   1.643   2.018
1999   0.895   1.812  -0.587   0.780   1.440   1.413  -1.799  -2.863   0.114  -0.437   0.997   2.229
2000   0.002   3.653   0.699  -3.971   0.760   0.248  -2.485   0.414   0.126   2.787   0.109  -2.292
2001  -0.460  -0.276  -0.988   1.772  -0.158  -0.520  -0.479   1.102  -3.553   0.951   0.853  -2.769
2002   1.717   2.063  -0.035   0.716   1.871   1.667   0.043  -0.407  -3.315  -1.006   0.632  -1.377
2003   0.272   1.097   1.038  -1.894   1.785  -1.144   0.613  -1.965   0.205  -3.098   0.778  -0.723
2004   0.607  -1.023   1.864   1.113   0.338   0.099  -0.113  -1.156   1.349  -1.674  -0.197   1.481
2005   1.645  -1.225  -1.339   0.794  -0.936  -2.805  -1.718  -0.935   0.031  -1.146  -0.769  -0.996
2006   0.223  -1.010  -0.765   0.575   0.551  -1.188  -0.361  -2.979  -0.596  -2.088   1.505   3.115
2007   1.454  -0.068   2.817   0.029   1.440  -3.361  -0.756  -2.749  -1.504   0.831  -1.154   1.218
2008   1.414   0.656   1.221  -2.587  -2.671  -1.535  -0.398   0.444  -1.265   1.309  -0.116  -0.303
2009   0.853  -1.222   0.855   2.665   2.895  -2.610   0.269   0.443  -0.009  -0.967   2.162  -4.098
2010  -2.425  -3.946  -0.855  -1.562  -1.614  -3.320  -0.576  -3.050  -1.867  -1.608  -2.123  -5.330
2011  -1.704   2.288   0.151   1.251   0.785  -1.203  -2.231  -2.268   1.897   1.392   0.722   3.288
 -999.
 NAO from the 20CRV2c
using the station differences of standardized monthly anomalies of averaged 38N,350E; 64N, 338E
calculated at NOAA/ESRL PSD
